
snap(30,30,30)

sky(10000,10000,10000)
fog(10000,10000,10000)
ground(10000,10000,10000)

fadefrom(8500)

name(The Freeway)

nlaps(5)

set(11,0,0,0)

set(10,0,0,0)p
set(10,0,5000,0)p
set(10,0,10000,0)p
set(10,0,15000,0)p
set(10,0,20000,0)p
set(10,0,25000,0)p
set(10,0,30000,0)p
set(30,0,31000,0)pr
set(10,0,35000,0)p
set(10,0,40000,0)p
set(26,5000,40000,0)
set(26,-5000,40000,0)
set(10,0,45000,0)p
set(10,0,50000,0)p
set(10,0,55000,0)p
set(10,0,60000,0)p
set(10,0,65000,0)p
set(32,350,65000,0)
set(10,0,70000,0)p
set(32,-350,70000,0)
set(10,0,75000,0)p
set(32,350,75000,0)
set(28,5000,75000,0)
set(28,-5000,75000,0)
set(10,0,80000,0)p
set(32,-350,80000,0)
set(10,0,85000,0)p
set(32,350,85000,180)
set(10,0,90000,0)p
set(32,-350,90000,180)
set(10,0,95000,0)p
set(10,0,100000,0)p

set(40,0,103000,0)p
set(40,0,103000,0)p
chk(40,0,103000,0)p

fix(41,0,103000,0,0)

set(10,0,95000,0)p
set(10,0,90000,0)p
set(10,0,85000,0)p
set(10,0,80000,0)p
set(10,0,75000,0)p
set(10,0,70000,0)p
set(10,0,65000,0)p
set(10,0,60000,0)p
set(10,0,55000,0)p
set(10,0,50000,0)p
set(10,0,45000,0)p
set(10,0,40000,0)p
set(30,0,35000,180)pr
set(10,0,35000,0)p
set(10,0,30000,0)p
set(10,0,25000,0)p
set(10,0,20000,0)p
set(10,0,15000,0)p
set(10,0,10000,0)p
set(10,0,5000,0)p
set(10,0,0,0)p
fix(41,0,0,0,0)s
fix(41,2500,0,0,0)
fix(41,-2500,0,0,0)
set(10,0,-5000,0)p
set(10,0,-10000,0)p
set(10,0,-15000,0)p
set(10,0,-20000,0)p
set(10,0,-25000,0)p
set(10,0,-30000,0)p
set(31,0,-30000,180)pr
set(31,1400,-30000,180)
set(31,2800,-30000,180)
set(31,-1400,-30000,180)
set(31,-2800,-30000,180)
set(10,0,-35000,0)p
set(10,0,-40000,0)p
set(10,0,-45000,0)p
set(10,0,-50000,0)p
set(10,0,-55000,0)p
set(10,0,-60000,0)p
set(10,0,-65000,0)p
set(10,0,-70000,0)p
set(10,0,-75000,0)p
set(28,5000,-75000,0)
set(28,-5000,-75000,0)
set(10,0,-80000,0)p
set(10,0,-85000,0)p
set(10,0,-90000,0)p
set(10,0,-95000,0)p
set(10,0,-100000,0)p

set(40,0,-103000,0)p
chk(40,0,-103000,0)p

fix(41,0,-103000,0,0)

set(10,0,-95000,0)p
set(10,0,-90000,0)p
set(10,0,-85000,0)p
set(10,0,-80000,0)p
set(10,0,-75000,0)p
set(10,0,-70000,0)p
set(29,500,-70000,180)
set(29,-500,-70000,0)
set(10,0,-65000,0)p
set(10,0,-60000,0)p
set(10,0,-55000,0)p
set(10,0,-50000,0)p
set(10,0,-45000,0)p
set(10,0,-40000,0)p
set(31,0,-34000,0)pr
set(31,1400,-34000,0)
set(31,2800,-34000,0)
set(31,-1400,-34000,0)
set(31,-2800,-34000,0)
set(10,0,-30000,0)p
set(10,0,-25000,0)p
set(10,0,-20000,0)p
set(10,0,-15000,0)p
set(10,0,-10000,0)p
set(10,0,-5000,0)p

set(25,1500,50000,45)
set(25,1500,50000,-45)

set(25,3000,-50000,45)
set(25,3000,-50000,-45)

set(25,-3000,-50000,45)
set(25,-3000,-50000,-45)

set(25,-1500,50000,45)
set(25,-1500,50000,-45)


set(37,-10000,36000,0)
set(37,10000,36000,0)
set(37,-10000,-36000,0)
set(37,10000,-36000,0)

set(23,5000,-97000,0)
set(10,5000,-95000,0)
set(10,5000,-90000,0)
set(10,5000,-85000,0)
set(10,5000,-80000,0)
set(10,5000,-75000,0)
set(10,5000,-70000,0)
set(10,5000,-65000,0)
set(10,5000,-60000,0)
set(10,5000,-55000,0)
set(10,5000,-50000,0)
set(10,5000,-45000,0)
set(10,5000,-40000,0)
set(10,5000,-35000,0)
set(10,5000,-30000,0)
set(10,5000,-25000,0)
set(10,5000,-20000,0)
set(10,5000,-15000,0)
set(10,5000,-10000,0)
set(10,5000,-5000,0)
set(10,5000,0,0)
set(10,5000,5000,0)
set(10,5000,10000,0)
set(10,5000,15000,0)
set(10,5000,20000,0)
set(10,5000,25000,0)
set(10,5000,30000,0)
set(10,5000,35000,0)
set(10,5000,40000,0)
set(10,5000,45000,0)
set(10,5000,50000,0)
set(10,5000,55000,0)
set(10,5000,60000,0)
set(10,5000,65000,0)
set(10,5000,70000,0)
set(10,5000,75000,0)
set(10,5000,80000,0)
set(10,5000,85000,0)
set(10,5000,90000,0)
set(10,5000,95000,0)
set(23,5000,97000,180)

set(23,-5000,-97000,0)
set(10,-5000,-95000,0)
set(10,-5000,-90000,0)
set(10,-5000,-85000,0)
set(10,-5000,-80000,0)
set(10,-5000,-75000,0)
set(10,-5000,-70000,0)
set(10,-5000,-65000,0)
set(10,-5000,-60000,0)
set(10,-5000,-55000,0)
set(10,-5000,-50000,0)
set(10,-5000,-45000,0)
set(10,-5000,-40000,0)
set(10,-5000,-35000,0)
set(10,-5000,-30000,0)
set(10,-5000,-25000,0)
set(10,-5000,-20000,0)
set(10,-5000,-15000,0)
set(10,-5000,-10000,0)
set(10,-5000,-5000,0)
set(10,-5000,0,0)
set(10,-5000,5000,0)
set(10,-5000,10000,0)
set(10,-5000,15000,0)
set(10,-5000,20000,0)
set(10,-5000,25000,0)
set(10,-5000,30000,0)
set(10,-5000,35000,0)
set(10,-5000,40000,0)
set(10,-5000,45000,0)
set(10,-5000,50000,0)
set(10,-5000,55000,0)
set(10,-5000,60000,0)
set(10,-5000,65000,0)
set(10,-5000,70000,0)
set(10,-5000,75000,0)
set(10,-5000,80000,0)
set(10,-5000,85000,0)
set(10,-5000,90000,0)
set(10,-5000,95000,0)
set(23,-5000,97000,180)

set(29,5000,0,0)
set(29,-5000,0,180)

set(10,0,0,900)p
