
snap(-10,-10,-10)

sky(0,0,0)
fog(0,0,0)
ground(0,0,0)

fadefrom(268435414)

name(In Danger)

nlaps(5)

set(11,0,16800,0)
set(11,0,22400,0)
set(11,-4650,30450,90)
set(11,-12250,30450,90)
set(11,-7700,22400,0)

set(27,0,3200,0)
set(27,0,7200,180)
set(26,7000,12200,180)
set(26,7000,10200,0)

set(10,0,0,0)p
set(10,0,5600,0)p
set(10,0,11200,0)p
set(10,0,16800,0)p
set(10,0,22400,0)p

chk(38,0,25300,0)
set(14,0,26950,0)pt
set(10,4550,26950,90)p
set(14,9100,26950,180)pt
chk(38,9100,28700,0)
set(14,9100,30450,-90)pt
set(10,4550,30450,90)p
set(10,-3850,30450,90)p
set(28,-414,30450,90)pr
set(10,-6650,30450,90)p
set(10,-12250,30450,90)p

set(14,-16800,30450,0)pt
chk(38,-16800,28700,0)
set(14,-16800,26950,90)pt
set(10,-12250,26950,-90)p
set(14,-7700,26950,-90)pt

set(10,-7700,22400,0)p
set(10,-7700,16800,0)
chk(32,-7700,18800,180)pr
set(32,-8100,18800,180)
set(32,-7300,18800,180)
fix(37,-7700,9500,800,0)
fix(37,-7700,9500,800,90)
fix(37,-7700,9500,800,180)
set(10,-7700,11200,0)p

set(37,-7400,15000,90)
set(37,-8000,14000,90)
set(37,-7400,13000,90)
set(37,-7700,11000,0)
set(37,-7700,8000,0)
set(37,-7700,6000,0)

set(20,-7700,5600,0)p
set(17,-7700,1050,180)pt
chk(38,-9450,1050,90)
set(17,-11200,1050,90)pt
set(15,-11200,5600,0)
set(34,-11200,6700,0)pr
set(15,-11200,11200,0)p
set(16,-11200,16800,0)p
set(17,-11200,21350,-90)pt
chk(38,-12950,21350,90)
set(17,-14700,21350,0)pt
set(16,-14700,16800,0)p
set(15,-14700,11200,0)
set(35,-14700,11200,0)pr
set(15,-14700,5600,0)p
set(20,-14700,0,180)p
set(14,-14700,-4550,90)pt
set(10,-10150,-4550,90)p
chk(38,-7350,-4550,90)
set(10,-4550,-4550,90)p

set(10,7000,0,0)
set(10,7000,5600,0)
set(10,7000,11200,0)
set(20,7000,16800,180)
set(17,7000,21350,-90)
set(17,3500,21350,0)
set(15,3500,16800,0)
set(15,3500,11200,0)
set(15,3500,5600,0)
set(20,3500,0,180)
set(14,7000,-4550,180)
set(35,3500,11200,180)
set(14,3500,-4550,90)

maxr(10,12000,-7500)
maxb(8,-7400,-21700)
maxt(8,35800,-21700)
maxl(10,-21600,-7500)

set(14,0,-4550,180)pt
