
snap(4,5,5)

sky(200,200,200)
fog(200,200,200) 
ground(1000,1000,1000)

fadefrom(9000)

name(Another Race In Nowhere)

nlaps(3)

set(11,0,-1000000,0)

set(10,2000,0,0)p
set(10,2000,5600,0)p
set(10,2000,11200,0)p
set(10,2000,16000,0)p
set(31,2000,20109,0)pr
set(23,2000,21789,180)p
fix(41,2000,22000,-2000,0)s
set(23,2000,31411,0)p
set(31,2000,33091,180)
set(10,2000,39200,0)p
set(10,2000,44800,0)p
set(10,2000,50400,0)p
set(10,2000,56000,0)p
set(10,2000,61600,0)p
set(10,2000,67200,0)p
set(10,2000,72800,0)p
set(10,2000,77400,0)p
set(10,2000,83000,0)p
set(10,2000,88600,0)
set(10,2000,94200,0)
set(10,2000,99800,0)
chk(41,2000,99800,0)
set(14,2000,104350,0)pt
set(10,6550,104350,90)p
set(10,12150,104350,90)p
set(10,17750,104350,90)p
set(10,23350,104350,90)p
set(10,28950,104350,90)
set(10,34550,104350,90)
set(10,40150,104350,90)
chk(41,40150,104350,90)
set(14,44000,104350,-90)pt
set(10,44000,99800,0)
set(10,44000,94200,0)
set(10,44000,88600,0)
set(10,44000,83000,0)p
set(10,44000,77400,0)p
set(10,44000,72800,0)p
set(10,44000,67200,0)p
set(10,44000,61600,0)p
set(10,44000,56000,0)p
set(10,44000,50400,0)p
set(10,44000,44800,0)p
set(10,44000,39200,0)p
set(10,44000,33600,0)p
chk(41,44000,33600,0)
set(10,44000,32600,0)
set(14,44000,28600,180)pt
set(10,40150,28600,90)
set(10,34550,28600,90)
set(10,28950,28600,90)
set(10,23350,28600,90)p
set(10,18350,28600,90)p
set(10,14250,28600,90)p
set(10,8650,28600,90)p
set(10,3050,28600,90)p
set(31,5800,28600,90)pr
set(10,-2550,28600,90)p
fix(41,4000,28600,-2000,90)s
set(31,-5800,28600,-90)
set(10,-6550,28600,90)p
set(10,-8650,28600,90)p
set(10,-14250,28600,90)p
set(10,-18350,28600,90)p
set(10,-23350,28600,90)p
set(10,-28950,28600,90)
set(10,-34550,28600,90)
set(10,-40150,28600,90)
chk(41,-40150,28600,90)
set(14,-44000,28600,90)pt
set(10,-44000,32600,0)
set(10,-44000,33600,0)p
set(10,-44000,39200,0)p
set(10,-44000,44800,0)p
set(10,-44000,50400,0)p
set(10,-44000,56000,0)p
set(10,-44000,61600,0)p
set(10,-44000,67200,0)p
set(10,-44000,72800,0)p
set(10,-44000,77400,0)p
set(10,-44000,83000,0)p
set(10,-44000,88600,0)
set(10,-44000,94200,0)
set(10,-44000,99800,0)
chk(41,-44000,99800,0)
set(14,-44000,104350,0)pt
set(10,-40150,104350,90)
set(10,-34550,104350,90)
set(10,-28950,104350,90)
set(10,-23350,104350,90)p
set(10,-17750,104350,90)p
set(10,-12150,104350,90)p
set(10,-6550,104350,90)p
chk(41,-6550,104350,90)
set(14,-2000,104350,-90)pt
set(10,-2000,99800,0)
set(10,-2000,94200,0)
set(10,-2000,88600,0)
set(10,-2000,83000,0)p
set(10,-2000,77400,0)p
set(10,-2000,72800,0)p
set(10,-2000,67200,0)p
set(10,-2000,61600,0)p
set(10,-2000,56000,0)p
set(10,-2000,50400,0)p
set(10,-2000,44800,0)p
set(10,-2000,39200,0)p
set(31,-2000,33091,180)pr
set(23,-2000,31411,0)p
fix(41,-2000,31200,-2000,0)s
set(23,-2000,21789,180)p
set(31,-2000,20109,0)
set(10,-2000,16000,0)p
set(10,-2000,11200,0)p
set(10,-2000,5600,0)p
set(10,-2000,0,0)p
set(10,-2000,-5600,0)p
set(10,-2000,-11200,0)p
set(10,-2000,-16000,0)p
set(10,-2000,-18000,0)
set(10,-2000,-22400,0)
set(10,-2000,-28000,0)
set(10,-2000,-33600,0)
set(10,-2000,-39200,0)
chk(41,-2000,-39200,0)
set(14,-2000,-43750,180)pt
set(10,-6550,-43750,90)p
set(10,-12150,-43750,90)p
set(10,-17750,-43750,90)p
set(10,-23350,-43750,90)p
set(10,-28950,-43750,90)
set(10,-34550,-43750,90)
set(10,-40150,-43750,90)
chk(41,-40150,-43750,90)
set(14,-44000,-43750,90)pt
set(10,-44000,-39200,0)
set(10,-44000,-33600,0)
set(10,-44000,-28000,0)
set(10,-44000,-22400,0)
set(10,-44000,-18000,0)
set(10,-44000,-16000,0)p
set(10,-44000,-11200,0)p
set(10,-44000,-5600,0)p
set(10,-44000,0,180)p
set(10,-44000,5600,180)p
set(10,-44000,11200,180)p
set(10,-44000,16800,180)p
set(10,-44000,20400,180)p
chk(41,-44000,20400,0)
set(14,-44000,24950,0)pt
set(10,-40150,24950,90)
set(10,-34550,24950,90)
set(10,-28950,24950,90)
set(10,-23350,24950,90)p
set(10,-18350,24950,90)p
set(10,-14250,24950,90)p
set(10,-8650,24950,90)p
set(10,-6550,24950,90)p
set(31,-5800,24950,-90)pr
fix(41,-4000,24950,-2000,90)s
set(10,-2550,24950,90)p
set(31,5800,24950,90)
set(10,3050,24950,90)p
set(10,8650,24950,90)p
set(10,14250,24950,90)p
set(10,18350,24950,90)p
set(10,23350,24950,90)p
set(10,28950,24950,90)
set(10,34550,24950,90)
set(10,40150,24950,90)
chk(41,40150,24950,90)
set(14,44000,24950,-90)pt
set(10,44000,20400,180)p
set(10,44000,16800,180)p
set(10,44000,11200,180)p
set(10,44000,5600,180)p
set(10,44000,0,180)p
set(10,44000,-5600,0)p
set(10,44000,-11200,0)p
set(10,44000,-16000,0)p
set(10,44000,-18000,0)
set(10,44000,-22400,0)
set(10,44000,-28000,0)
set(10,44000,-33600,0)
set(10,44000,-39200,0)
chk(41,44000,-39200,0)
set(14,44000,-43750,180)pt
set(10,40150,-43750,90)
set(10,34550,-43750,90)
set(10,28950,-43750,90)
set(10,23350,-43750,90)p
set(10,17750,-43750,90)p
set(10,12150,-43750,90)p
set(10,6550,-43750,90)p
chk(41,6550,-43750,90)
set(14,2000,-43750,90)pt
set(10,2000,-39200,0)
set(10,2000,-33600,0)
set(10,2000,-28000,0)
set(10,2000,-22400,0)
set(10,2000,-18000,0)
set(10,2000,-16000,0)p
set(10,2000,-11200,0)p
set(10,2000,-5600,0)p
