snap(-40,-38,-28)
sky(229,255,191)
fog(217,223,229)
clouds(253,255,244,4,-1218)
ground(192,197,202)
texture(0,0,0,50)
fadefrom(7100)
density(3)
mountains(62863)
nlaps(3)
name(Beginning of the End)
lightson()


set(47,0,0,0)p
set(10,0,5600,0)p
set(14,0,10150,0)
chk(40,0,8400,0)r
set(14,3500,10150,-90)pt
set(14,3500,6650,90)
chk(40,5250,6650,90)r
set(10,8050,6650,90)p
set(10,13650,6650,90)p
set(38,14900,6650,90)
set(38,13900,6650,90)
set(38,12900,6650,90)
set(10,19250,6650,90)
set(10,25380,6650,90)
set(31,20900,6650,-90)pr
fix(41,30700,6650,-5200,90)
set(10,30980,6650,90)p
set(10,36580,6650,90)p
set(10,42180,6650,90)
chk(40,44980,6650,90)r
set(10,47780,6650,90)p
set(13,53410,8170,120)
set(10,59040,9690,90)
set(10,64640,9690,90)
set(30,59549,9690,-90)pl
set(10,70240,9690,-90)p
set(10,75840,9690,-90)p
set(14,80390,9690,-90)
chk(40,78640,9690,90)r
set(10,80390,5140,0)p
set(45,80390,-969,180)p
set(45,80390,-4329,0)p
set(10,80390,-10438,0)p
set(10,80390,-16038,0)p
set(10,80390,-21638,180)p
set(12,78870,-27268,150)p
set(14,77350,-31848,180)
chk(40,77350,-30098,0)r
set(10,72800,-31848,90)p
set(10,67200,-31848,90)
set(10,61600,-31848,90)
set(29,66564,-31848,90)pr
set(10,56000,-31848,90)p
set(37,54670,-32230,90)
set(37,56395,-32230,90)
set(37,58110,-32230,90)
set(37,59055,-31635,90)
set(37,57235,-31635,90)
set(37,55545,-31635,90)
set(10,50400,-31848,90)p
set(37,48665,-31635,90)
set(37,50310,-31635,90)
set(37,52025,-31635,90)
set(37,53810,-31635,90)
set(37,52900,-32230,90)
set(37,51115,-32230,90)
set(37,49540,-32230,90)
set(11,44800,-31848,90)p
set(37,47895,-32230,90)
set(10,39200,-31848,-90)
chk(40,36400,-31848,90)r
set(13,33570,-33368,120)
chk(40,30740,-34888,90)r
set(12,27910,-33368,60)p
set(10,22280,-31848,90)
chk(40,25080,-31847,90)r
set(10,16680,-31848,90)
set(32,19480,-31498,90)
set(32,17950,-32197,90)pr
set(10,11080,-31848,90)p
set(10,5480,-31848,90)p
set(14,4,-31847,90)
chk(40,1754,-31847,90)r
set(10,4554,-31847,90)p
set(10,4,-27297,180)p
set(20,0,-22299,0)pr
set(20,0,-19498,0)pr
set(20,0,-16213,0)pr
set(20,0,-11084,180)pr
set(20,0,-7799,180)pr
set(20,0,-4998,180)pr
set(15,42225,3800,90)
set(24,45025,3800,-90)
set(24,39425,3800,90)
set(15,42200,9500,90)
set(24,45000,9500,-90)
set(24,39400,9500,90)

maxl(11,-5690,-35978)
maxb(19,-38378,-3290)
maxr(11,85509,-35978)
maxt(19,14422,-3290)

